1 2
1 4
1 5
1 6
1 7
1 8
1 9
1 11
1 13
1 18
1 19
1 20
1 23
1 29
1 30
1 32
1 35
1 36
1 37
1 41
1 43
1 44
1 45
1 46
1 49
1 50
1 52
1 53
1 54
1 55
1 58
1 59
1 60
1 61
1 65
1 67
1 69
1 72
1 73
1 74
1 75
1 77
1 78
1 79
1 80
1 81
1 83
1 86
1 87
1 90
1 91
1 92
1 96
1 99
1 103
1 104
1 105
1 112
1 118
1 119
1 121
1 122
1 123
1 126
1 128
1 130
1 132
1 133
1 134
1 135
1 136
1 137
1 141
1 142
1 148
1 150
1 151
1 154
1 155
1 158
1 161
1 162
1 163
1 164
1 168
1 172
1 173
1 175
1 178
1 179
1 180
1 184
1 185
1 186
1 188
1 191
1 193
1 194
1 195
1 198
2 4
2 8
2 11
2 12
2 14
2 19
2 20
2 21
2 23
2 25
2 26
2 28
2 30
2 31
2 32
2 33
2 36
2 38
2 39
2 42
2 44
2 45
2 46
2 51
2 52
2 53
2 54
2 55
2 57
2 60
2 62
2 65
2 66
2 70
2 71
2 76
2 77
2 79
2 80
2 81
2 83
2 85
2 86
2 88
2 90
2 92
2 95
2 97
2 98
2 100
2 106
2 108
2 109
2 110
2 112
2 115
2 119
2 121
2 123
2 125
2 126
2 127
2 128
2 130
2 131
2 133
2 134
2 137
2 138
2 140
2 142
2 146
2 147
2 148
2 150
2 153
2 154
2 157
2 159
2 162
2 165
2 166
2 167
2 168
2 170
2 171
2 174
2 177
2 178
2 179
2 180
2 181
2 182
2 184
2 185
2 188
2 190
2 191
2 192
2 194
2 196
2 198
3 4
3 5
3 6
3 7
3 8
3 9
3 12
3 14
3 15
3 16
3 19
3 20
3 21
3 22
3 31
3 32
3 35
3 36
3 37
3 39
3 40
3 42
3 44
3 47
3 51
3 52
3 54
3 55
3 56
3 57
3 60
3 62
3 63
3 65
3 66
3 67
3 71
3 72
3 75
3 76
3 77
3 81
3 82
3 83
3 87
3 88
3 92
3 93
3 94
3 95
3 96
3 97
3 102
3 103
3 104
3 107
3 108
3 111
3 112
3 116
3 118
3 119
3 120
3 123
3 126
3 128
3 129
3 132
3 137
3 139
3 140
3 144
3 145
3 147
3 148
3 150
3 152
3 153
3 154
3 155
3 156
3 158
3 159
3 161
3 162
3 163
3 167
3 168
3 170
3 173
3 174
3 178
3 183
3 184
3 186
3 187
3 192
3 193
3 195
3 197
4 8
4 10
4 12
4 13
4 16
4 17
4 18
4 19
4 20
4 21
4 23
4 24
4 25
4 26
4 28
4 30
4 31
4 32
4 33
4 35
4 36
4 38
4 45
4 46
4 47
4 48
4 53
4 54
4 55
4 59
4 64
4 65
4 66
4 69
4 71
4 72
4 75
4 79
4 82
4 83
4 85
4 87
4 90
4 93
4 95
4 99
4 100
4 102
4 103
4 113
4 115
4 117
4 118
4 119
4 121
4 124
4 128
4 130
4 131
4 132
4 133
4 134
4 136
4 138
4 142
4 143
4 144
4 145
4 149
4 150
4 151
4 152
4 153
4 156
4 162
4 164
4 165
4 166
4 168
4 169
4 170
4 172
4 175
4 176
4 178
4 179
4 181
4 182
4 185
4 187
4 188
4 189
4 190
4 192
4 193
4 194
4 195
4 197
5 6
5 13
5 14
5 17
5 18
5 20
5 21
5 22
5 24
5 25
5 26
5 27
5 28
5 31
5 32
5 33
5 34
5 36
5 38
5 40
5 42
5 43
5 44
5 47
5 48
5 49
5 50
5 52
5 54
5 57
5 58
5 59
5 60
5 64
5 65
5 68
5 69
5 70
5 71
5 72
5 76
5 78
5 79
5 82
5 83
5 85
5 87
5 91
5 92
5 94
5 95
5 96
5 99
5 101
5 105
5 108
5 111
5 112
5 113
5 114
5 117
5 118
5 121
5 122
5 125
5 126
5 127
5 128
5 130
5 131
5 136
5 137
5 138
5 141
5 144
5 145
5 149
5 151
5 154
5 157
5 159
5 160
5 162
5 164
5 166
5 167
5 168
5 169
5 170
5 174
5 175
5 185
5 186
5 187
5 189
5 195
5 196
5 197
6 7
6 9
6 12
6 14
6 18
6 20
6 21
6 24
6 27
6 28
6 29
6 31
6 32
6 33
6 35
6 37
6 38
6 40
6 41
6 42
6 44
6 47
6 48
6 49
6 50
6 52
6 53
6 54
6 56
6 59
6 60
6 61
6 62
6 64
6 65
6 68
6 70
6 73
6 75
6 76
6 77
6 78
6 79
6 80
6 81
6 82
6 86
6 87
6 89
6 90
6 91
6 92
6 97
6 99
6 100
6 101
6 104
6 105
6 107
6 108
6 113
6 114
6 116
6 123
6 124
6 126
6 130
6 131
6 132
6 133
6 137
6 139
6 141
6 142
6 143
6 144
6 145
6 146
6 147
6 156
6 157
6 158
6 165
6 167
6 168
6 173
6 176
6 178
6 181
6 187
6 188
6 190
6 191
6 192
6 193
6 197
6 199
7 12
7 13
7 14
7 15
7 16
7 18
7 23
7 24
7 27
7 31
7 32
7 33
7 34
7 35
7 37
7 39
7 40
7 44
7 46
7 47
7 50
7 51
7 54
7 56
7 58
7 59
7 61
7 62
7 63
7 68
7 70
7 73
7 75
7 77
7 79
7 80
7 81
7 83
7 84
7 87
7 88
7 89
7 91
7 92
7 93
7 94
7 97
7 98
7 99
7 103
7 104
7 105
7 106
7 110
7 111
7 113
7 114
7 115
7 116
7 117
7 118
7 119
7 121
7 122
7 124
7 126
7 127
7 128
7 130
7 131
7 132
7 134
7 140
7 142
7 143
7 147
7 148
7 151
7 157
7 158
7 159
7 162
7 165
7 166
7 167
7 168
7 169
7 173
7 174
7 176
7 177
7 178
7 179
7 180
7 181
7 183
7 185
7 188
7 189
7 192
7 193
7 194
7 195
7 196
7 197
7 199
8 9
8 10
8 11
8 12
8 13
8 14
8 15
8 16
8 17
8 18
8 20
8 21
8 22
8 23
8 24
8 25
8 26
8 27
8 29
8 30
8 32
8 33
8 34
8 42
8 45
8 47
8 48
8 49
8 53
8 55
8 57
8 58
8 59
8 60
8 61
8 63
8 66
8 70
8 71
8 77
8 79
8 80
8 82
8 83
8 84
8 86
8 88
8 89
8 90
8 91
8 92
8 93
8 102
8 105
8 106
8 107
8 109
8 110
8 112
8 114
8 119
8 121
8 123
8 124
8 125
8 127
8 133
8 134
8 135
8 142
8 143
8 144
8 146
8 147
8 149
8 158
8 160
8 161
8 163
8 165
8 167
8 171
8 173
8 175
8 177
8 179
8 184
8 187
8 189
8 190
8 191
8 192
8 193
8 194
8 195
8 198
8 200
9 13
9 15
9 17
9 18
9 19
9 21
9 23
9 28
9 33
9 34
9 37
9 38
9 39
9 40
9 41
9 43
9 44
9 45
9 47
9 49
9 52
9 54
9 59
9 62
9 63
9 64
9 69
9 75
9 77
9 79
9 81
9 82
9 86
9 89
9 90
9 91
9 94
9 95
9 96
9 97
9 98
9 101
9 103
9 104
9 106
9 107
9 108
9 109
9 111
9 112
9 114
9 115
9 117
9 118
9 123
9 124
9 127
9 129
9 131
9 133
9 134
9 136
9 138
9 140
9 141
9 142
9 143
9 144
9 150
9 151
9 152
9 153
9 154
9 155
9 156
9 157
9 159
9 160
9 161
9 165
9 168
9 169
9 172
9 174
9 175
9 178
9 180
9 186
9 187
9 188
9 195
9 196
9 198
9 200
10 11
10 13
10 17
10 18
10 20
10 22
10 26
10 28
10 31
10 34
10 41
10 42
10 44
10 45
10 47
10 49
10 54
10 57
10 58
10 59
10 61
10 63
10 65
10 66
10 67
10 68
10 69
10 70
10 76
10 77
10 78
10 80
10 84
10 85
10 87
10 90
10 91
10 92
10 93
10 95
10 96
10 97
10 99
10 100
10 101
10 103
10 104
10 106
10 107
10 109
10 110
10 114
10 115
10 118
10 119
10 125
10 128
10 129
10 130
10 136
10 137
10 139
10 142
10 143
10 145
10 147
10 148
10 151
10 152
10 153
10 155
10 156
10 157
10 159
10 160
10 162
10 167
10 168
10 173
10 174
10 175
10 176
10 177
10 178
10 179
10 180
10 181
10 182
10 184
10 185
10 186
10 187
10 197
10 199
10 200
11 13
11 14
11 15
11 16
11 17
11 19
11 20
11 21
11 22
11 25
11 29
11 33
11 37
11 38
11 39
11 40
11 41
11 44
11 48
11 49
11 50
11 52
11 53
11 54
11 55
11 57
11 59
11 61
11 63
11 66
11 67
11 68
11 69
11 74
11 75
11 76
11 81
11 86
11 87
11 91
11 95
11 98
11 99
11 100
11 104
11 105
11 108
11 109
11 111
11 112
11 113
11 114
11 115
11 116
11 117
11 118
11 123
11 124
11 126
11 127
11 128
11 130
11 131
11 132
11 135
11 137
11 138
11 139
11 143
11 145
11 149
11 150
11 153
11 156
11 157
11 159
11 160
11 161
11 163
11 164
11 165
11 167
11 168
11 169
11 170
11 172
11 174
11 182
11 185
11 186
11 187
11 189
11 190
11 195
11 196
11 200
12 13
12 15
12 17
12 18
12 20
12 21
12 23
12 30
12 31
12 32
12 35
12 39
12 41
12 42
12 44
12 45
12 48
12 52
12 53
12 55
12 56
12 58
12 59
12 62
12 63
12 64
12 66
12 68
12 69
12 70
12 71
12 73
12 76
12 77
12 79
12 81
12 84
12 85
12 86
12 90
12 91
12 93
12 94
12 95
12 99
12 100
12 102
12 103
12 104
12 106
12 108
12 112
12 113
12 114
12 116
12 119
12 120
12 121
12 122
12 123
12 127
12 128
12 129
12 131
12 132
12 136
12 141
12 142
12 143
12 144
12 145
12 147
12 150
12 151
12 152
12 154
12 159
12 161
12 163
12 164
12 166
12 170
12 172
12 174
12 175
12 179
12 180
12 185
12 187
12 190
12 191
12 192
12 193
12 195
12 196
13 14
13 17
13 21
13 24
13 25
13 28
13 29
13 30
13 32
13 34
13 35
13 37
13 38
13 40
13 44
13 49
13 50
13 51
13 53
13 55
13 57
13 58
13 59
13 61
13 62
13 66
13 69
13 72
13 75
13 76
13 78
13 79
13 81
13 83
13 84
13 85
13 86
13 87
13 89
13 94
13 97
13 98
13 99
13 103
13 104
13 105
13 108
13 110
13 111
13 113
13 114
13 115
13 116
13 117
13 118
13 122
13 124
13 125
13 128
13 130
13 132
13 135
13 136
13 140
13 141
13 146
13 147
13 148
13 149
13 151
13 153
13 156
13 157
13 158
13 160
13 161
13 162
13 163
13 165
13 166
13 167
13 169
13 171
13 173
13 174
13 175
13 176
13 178
13 179
13 181
13 182
13 183
13 186
13 188
13 190
13 192
13 193
13 194
13 195
13 197
14 15
14 19
14 25
14 26
14 28
14 29
14 30
14 31
14 36
14 37
14 38
14 43
14 44
14 45
14 46
14 47
14 53
14 55
14 56
14 57
14 59
14 63
14 66
14 67
14 68
14 69
14 70
14 75
14 76
14 77
14 79
14 83
14 86
14 88
14 89
14 90
14 93
14 94
14 95
14 96
14 97
14 99
14 100
14 101
14 105
14 107
14 112
14 113
14 114
14 117
14 118
14 119
14 120
14 121
14 123
14 124
14 125
14 130
14 131
14 136
14 140
14 141
14 144
14 145
14 147
14 149
14 150
14 156
14 157
14 158
14 159
14 163
14 164
14 165
14 167
14 168
14 169
14 171
14 172
14 173
14 174
14 176
14 177
14 179
14 181
14 182
14 183
14 184
14 190
14 192
14 193
14 194
14 195
14 199
15 17
15 18
15 19
15 21
15 23
15 24
15 30
15 35
15 36
15 37
15 39
15 40
15 42
15 45
15 46
15 49
15 50
15 52
15 53
15 54
15 55
15 59
15 60
15 62
15 63
15 67
15 72
15 73
15 74
15 80
15 83
15 89
15 91
15 93
15 94
15 98
15 100
15 101
15 105
15 109
15 110
15 111
15 115
15 116
15 119
15 120
15 124
15 128
15 132
15 136
15 139
15 140
15 141
15 142
15 143
15 144
15 147
15 149
15 151
15 152
15 154
15 155
15 158
15 162
15 164
15 168
15 169
15 171
15 174
15 175
15 177
15 180
15 182
15 185
15 188
15 189
15 190
15 194
15 198
15 199
16 19
16 20
16 21
16 22
16 25
16 28
16 31
16 36
16 38
16 41
16 43
16 47
16 49
16 52
16 53
16 54
16 57
16 62
16 63
16 66
16 69
16 70
16 71
16 75
16 76
16 77
16 78
16 79
16 82
16 83
16 86
16 87
16 88
16 90
16 91
16 92
16 95
16 96
16 98
16 99
16 100
16 102
16 103
16 106
16 110
16 115
16 119
16 121
16 122
16 123
16 124
16 125
16 127
16 128
16 129
16 131
16 134
16 135
16 138
16 139
16 142
16 144
16 148
16 149
16 152
16 154
16 158
16 159
16 160
16 162
16 164
16 165
16 166
16 169
16 173
16 174
16 175
16 178
16 180
16 182
16 185
16 186
16 187
16 189
16 190
16 193
16 196
16 197
16 199
17 168
19 22
20 49
20 118
34 79
36 126
37 97
39 50
41 183
45 145
55 191
57 92
59 199
61 62
66 98
68 152
70 163
71 88
72 94
77 103
82 106
82 113
84 98
89 91
93 119
100 104
104 111
114 136
160 176
160 192
178 187